# Created by Octave 4.2.1, Sun Jul 09 21:45:47 2017 GMT <unknown@unknown>
# name: Theta2
# type: matrix
# rows: 1
# columns: 26
 -0.2820243427221495 0.1807830734596571 -0.2168559147315504 -0.06849133463775835 -0.3013056198779456 -0.2807317876020684 -0.228426235566232 -0.1874419565395392 7.305327454838816 -0.3329894684526758 -0.3168254110711684 -0.3239415350182202 -0.09042233675376234 -0.1815780623673124 -0.3899762821381785 0.163169821634895 -4.872061604528347 0.003410283480732266 0.01059803298144093 -0.222276890540193 -0.3010388539963458 -0.3401202538050802 -0.03376006417341048 -0.02466148216922602 0.0003083036487333183 -0.08851556550181826


