# Created by Octave 4.2.1, Sun Jul 02 20:09:32 2017 GMT <unknown@unknown>
# name: Theta2
# type: matrix
# rows: 1
# columns: 26
 0.02635383007926391 -0.01775313844440574 -0.04596195223410735 -0.05555433880919377 0.193482226926097 -0.01780432285239915 0.5072189985513966 -0.02658853242760653 0.04192998290959907 0.09368167685668069 -0.05528695643776578 0.1438457215867096 0.03836550714612981 -0.008711494229218178 0.01960977425477407 -0.005196241143869176 2.42821462614464 -0.08830037138356642 -0.1319607412434745 0.001169877172660341 -0.09083274908064363 -3.608411640872251 -0.002081434993226327 0.02622155927147757 -0.04070476457460503 0.118476692784418


